Ops [1]:2 [2]:2 [3]:2 [4]:2 [5]:2 [6]:2 [7]:2 [8]:2 [9]:2 [10]:2 [11]:2 [12]:2 [13]:2 [14]:2 [15]:2 [-23161,0,0,0,30]:0 [-119,0,0,0,30]:0 [0,0,0,0,30]:0 [119,0,0,0,30]:0 [23161,0,0,0,30]:0 
Automaton Classical_Zero_One_Zero
States 0 1 2 3 4 5 6 7 8 9 10 11 12 13 14 15 16 17 18 19 20 21 22 23 24 25 26 27 28 29 30 31 32 33 34 35 36 37 38 39 40 41 42 43 44 45 46 47 48 49 50 51 52 53 54 55 56 57 58 59 60 61 62 63 64 65 66 67 68 69 70 71 72 73 74 75 76 77 78 79 80 81 82 83 84 85 86 87 88 89 90 91 92 93 94 95 96 97 98 99 100 101 102 103 104 105 106 107 108 109 110 111 112 113 114 115 116 117 118 119 120 121 122 123 124 125 126 127 128 129 130 131 132 133 134 135 136 137 138 139 140 141 142 143 144 145 146 147 148 149 150 151 152 153 154 155 156 157 158 159 160 161 162 163 164 165 166 167 168 169 170 171 172 173 174 175 176 177 178 179 180 181 182 183 184 185 186 187 188 189 190 191 192 193 194 195 196 197 198 199 200 201 202 203 204 205 206 207 208 209 210 211 212 213 214 215 216 217 218 219 220 221 222 223 224 225 226 227 228 229 230 231 
Final States 0 
Transitions
[1](1, 2) -> 0
[1](1, 3) -> 0
[1](1, 4) -> 0
[1](1, 5) -> 0
[1](1, 6) -> 0
[1](1, 7) -> 0
[1](1, 8) -> 0
[1](1, 9) -> 0
[1](1, 10) -> 0
[1](1, 11) -> 0
[1](1, 12) -> 0
[1](1, 13) -> 0
[1](1, 14) -> 0
[1](1, 15) -> 0
[1](1, 16) -> 0
[1](1, 17) -> 0
[1](18, 1) -> 0
[1](19, 1) -> 0
[1](20, 1) -> 0
[1](21, 1) -> 0
[1](22, 1) -> 0
[1](23, 1) -> 0
[1](24, 1) -> 0
[1](25, 1) -> 0
[1](26, 1) -> 0
[1](27, 1) -> 0
[1](28, 1) -> 0
[1](29, 1) -> 0
[1](30, 1) -> 0
[1](31, 1) -> 0
[1](32, 1) -> 0
[1](33, 1) -> 0
[2](34, 34) -> 1
[2](34, 35) -> 10
[2](34, 36) -> 11
[2](34, 37) -> 12
[2](34, 38) -> 13
[2](34, 39) -> 14
[2](34, 40) -> 15
[2](34, 41) -> 16
[2](34, 42) -> 17
[2](34, 43) -> 26
[2](34, 44) -> 27
[2](34, 45) -> 28
[2](34, 46) -> 29
[2](34, 47) -> 30
[2](34, 48) -> 31
[2](34, 49) -> 32
[2](34, 50) -> 33
[2](51, 34) -> 2
[2](52, 34) -> 3
[2](53, 34) -> 4
[2](54, 34) -> 5
[2](55, 34) -> 6
[2](56, 34) -> 7
[2](57, 34) -> 8
[2](58, 34) -> 9
[2](59, 34) -> 18
[2](60, 34) -> 19
[2](61, 34) -> 20
[2](62, 34) -> 21
[2](63, 34) -> 22
[2](64, 34) -> 23
[2](65, 34) -> 24
[2](66, 34) -> 25
[3](67, 67) -> 34
[3](67, 68) -> 39
[3](67, 69) -> 40
[3](67, 70) -> 47
[3](67, 71) -> 48
[3](67, 72) -> 41
[3](67, 73) -> 42
[3](67, 74) -> 49
[3](67, 75) -> 50
[3](67, 76) -> 55
[3](67, 77) -> 56
[3](67, 78) -> 63
[3](67, 79) -> 64
[3](67, 80) -> 57
[3](67, 81) -> 58
[3](67, 82) -> 65
[3](67, 83) -> 66
[3](84, 67) -> 35
[3](85, 67) -> 36
[3](86, 67) -> 43
[3](87, 67) -> 44
[3](88, 67) -> 37
[3](89, 67) -> 38
[3](90, 67) -> 45
[3](91, 67) -> 46
[3](92, 67) -> 51
[3](93, 67) -> 52
[3](94, 67) -> 59
[3](95, 67) -> 60
[3](96, 67) -> 53
[3](97, 67) -> 54
[3](98, 67) -> 61
[3](99, 67) -> 62
[4](100, 100) -> 67
[4](100, 101) -> 72
[4](100, 102) -> 74
[4](100, 103) -> 80
[4](100, 104) -> 82
[4](100, 105) -> 73
[4](100, 106) -> 75
[4](100, 107) -> 81
[4](100, 108) -> 83
[4](100, 109) -> 88
[4](100, 110) -> 90
[4](100, 111) -> 96
[4](100, 112) -> 98
[4](100, 113) -> 89
[4](100, 114) -> 91
[4](100, 115) -> 97
[4](100, 116) -> 99
[4](117, 100) -> 68
[4](118, 100) -> 70
[4](119, 100) -> 76
[4](120, 100) -> 78
[4](121, 100) -> 69
[4](122, 100) -> 71
[4](123, 100) -> 77
[4](124, 100) -> 79
[4](125, 100) -> 84
[4](126, 100) -> 86
[4](127, 100) -> 92
[4](128, 100) -> 94
[4](129, 100) -> 85
[4](130, 100) -> 87
[4](131, 100) -> 93
[4](132, 100) -> 95
[5](133, 133) -> 100
[5](133, 134) -> 105
[5](133, 135) -> 107
[5](133, 136) -> 113
[5](133, 137) -> 115
[5](133, 138) -> 106
[5](133, 139) -> 108
[5](133, 140) -> 114
[5](133, 141) -> 116
[5](133, 142) -> 121
[5](133, 143) -> 123
[5](133, 144) -> 129
[5](133, 145) -> 131
[5](133, 146) -> 122
[5](133, 147) -> 124
[5](133, 148) -> 130
[5](133, 149) -> 132
[5](150, 133) -> 101
[5](151, 133) -> 103
[5](152, 133) -> 109
[5](153, 133) -> 111
[5](154, 133) -> 102
[5](155, 133) -> 104
[5](156, 133) -> 110
[5](157, 133) -> 112
[5](158, 133) -> 117
[5](159, 133) -> 119
[5](160, 133) -> 125
[5](161, 133) -> 127
[5](162, 133) -> 118
[5](163, 133) -> 120
[5](164, 133) -> 126
[5](165, 133) -> 128
[6](166, 166) -> 133
[6](167, 168) -> 134
[6](167, 169) -> 136
[6](167, 170) -> 142
[6](167, 171) -> 144
[6](167, 172) -> 135
[6](167, 173) -> 137
[6](167, 174) -> 143
[6](167, 175) -> 145
[6](167, 176) -> 150
[6](167, 177) -> 152
[6](167, 178) -> 158
[6](167, 179) -> 160
[6](167, 180) -> 151
[6](167, 181) -> 153
[6](167, 182) -> 159
[6](167, 183) -> 161
[6](168, 167) -> 138
[6](169, 167) -> 140
[6](170, 167) -> 146
[6](171, 167) -> 148
[6](172, 167) -> 139
[6](173, 167) -> 141
[6](174, 167) -> 147
[6](175, 167) -> 149
[6](176, 167) -> 154
[6](177, 167) -> 156
[6](178, 167) -> 162
[6](179, 167) -> 164
[6](180, 167) -> 155
[6](181, 167) -> 157
[6](182, 167) -> 163
[6](183, 167) -> 165
[7](184, 184) -> 166
[7](185, 185) -> 167
[7](185, 186) -> 168
[7](185, 187) -> 170
[7](185, 188) -> 169
[7](185, 189) -> 171
[7](185, 190) -> 176
[7](185, 191) -> 178
[7](185, 192) -> 177
[7](185, 193) -> 179
[7](186, 185) -> 172
[7](187, 185) -> 174
[7](188, 185) -> 173
[7](189, 185) -> 175
[7](190, 185) -> 180
[7](191, 185) -> 182
[7](192, 185) -> 181
[7](193, 185) -> 183
[8](194, 194) -> 184
[8](195, 195) -> 185
[8](195, 196) -> 186
[8](195, 197) -> 187
[8](195, 198) -> 190
[8](195, 199) -> 191
[8](196, 195) -> 188
[8](197, 195) -> 189
[8](198, 195) -> 192
[8](199, 195) -> 193
[9](200, 200) -> 194
[9](201, 201) -> 195
[9](201, 202) -> 196
[9](201, 203) -> 198
[9](202, 201) -> 197
[9](203, 201) -> 199
[10](204, 204) -> 200
[10](205, 205) -> 201
[10](205, 206) -> 202
[10](206, 205) -> 203
[11](207, 207) -> 204
[11](208, 209) -> 205
[11](210, 211) -> 206
[12](212, 212) -> 207
[12](213, 212) -> 209
[12](214, 212) -> 208
[12](215, 212) -> 210
[12](216, 212) -> 211
[13](217, 217) -> 212
[13](218, 217) -> 213
[13](219, 217) -> 214
[13](220, 217) -> 215
[13](221, 217) -> 216
[14](222, 222) -> 217
[14](223, 222) -> 218
[14](224, 222) -> 219
[14](225, 222) -> 220
[14](226, 222) -> 221
[15](227, 227) -> 222
[15](228, 227) -> 223
[15](229, 227) -> 224
[15](230, 227) -> 225
[15](231, 227) -> 226
[-23161,0,0,0,30] -> 231
[-119,0,0,0,30] -> 229
[0,0,0,0,30] -> 227
[119,0,0,0,30] -> 228
[23161,0,0,0,30] -> 230
