Ops [1]:2 [2]:2 [3]:2 [4]:2 [5]:2 [-1,0,0,0,1]:0 [0,0,0,0,1]:0 [1,0,0,0,1]:0 
Automaton Classical_Zero_One_Zero
States 0 1 2 3 4 5 6 7 8 9 10 11 12 13 14 15 16 17 18 
Final States 0 
Transitions
[1](1, 2) -> 0
[1](1, 3) -> 0
[1](4, 1) -> 0
[1](5, 1) -> 0
[2](6, 6) -> 1
[2](6, 7) -> 3
[2](6, 8) -> 5
[2](9, 6) -> 2
[2](10, 6) -> 4
[3](11, 11) -> 6
[3](11, 12) -> 7
[3](11, 13) -> 9
[3](12, 11) -> 8
[3](13, 11) -> 10
[4](14, 14) -> 11
[4](14, 15) -> 12
[4](15, 14) -> 13
[5](16, 16) -> 14
[5](17, 18) -> 15
[-1,0,0,0,1] -> 17
[0,0,0,0,1] -> 16
[1,0,0,0,1] -> 18
